0 0.59140625 0.4640625 0.059375 0.05546875
0 0.58125 0.58203125 0.0671875 0.103125
0 0.4203125 0.61015625 0.05234375 0.10703125
0 0.14609375 0.628125 0.1046875 0.103125
0 0.28828125 0.63359375 0.07421875 0.128125
0 0.50234375 0.63671875 0.046875 0.06796875
0 0.04375 0.66171875 0.0875 0.1359375
0 0.33671875 0.684375 0.07265625 0.090625
0 0.3828125 0.696875 0.0375 0.0765625
0 0.1921875 0.7265625 0.05234375 0.13359375
0 0.23125 0.7328125 0.053125 0.115625
0 0.1015625 0.7578125 0.13515625 0.17109375