0 0.13046875 0.690625 0.11328125 0.228125
0 0.20390625 0.70625 0.103125 0.2359375
0 0.28359375 0.740625 0.090625 0.13203125
0 0.31015625 0.67578125 0.12890625 0.19921875
0 0.4 0.70625 0.140625 0.18828125
0 0.52734375 0.68359375 0.1546875 0.2453125
0 0.58828125 0.68984375 0.0921875 0.25078125
0 0.64921875 0.68828125 0.08203125 0.23203125
0 0.7 0.72578125 0.084375 0.1578125
0 0.73828125 0.7125 0.08125 0.209375
0 0.82265625 0.696875 0.12890625 0.2328125
0 0.9015625 0.715625 0.11875 0.2234375
0 0.9734375 0.7015625 0.053125 0.203125
0 0.95390625 0.6078125 0.0921875 0.10234375